,Unnamed: 0,Unnamed: 0.1,Unnamed: 0.1.1,id,pti,category2
0,132,132,132,9,4.9107725607725605,Women
1,0,0,0,30,1.9495781995781996,Women
2,212,212,212,3715,1.5515873015873016,Women
3,175,175,175,3599,1.4795093795093792,Women
4,116,116,116,4242,1.2519952269952268,Women
5,53,53,53,18777,0.692063492063492,Men
6,134,134,134,94,0.6643578643578644,Men
7,133,133,133,82,0.6420634920634921,Men
8,198,198,198,14480,0.5642246642246642,Women
9,157,157,157,448,0.5642246642246642,Women
10,158,158,158,767,0.4927960927960928,Unisex
11,27,27,27,3099,0.4880952380952381,Women
12,78,78,78,1872,0.4476190476190476,Men
13,76,76,76,21029,0.4163059163059163,Men
14,54,54,54,18839,0.3913419913419913,Men
15,231,231,231,7128,0.3833333333333333,Men
16,220,220,220,4464,0.3761904761904762,Men
17,136,136,136,568,0.3761904761904762,Women
18,144,144,144,4464,0.3761904761904762,Men
19,77,77,77,1449,0.3492063492063492,Men
20,65,65,65,12986,0.3492063492063492,Men
21,40,40,40,12411,0.3484848484848485,Women
22,203,203,203,15912,0.33333333333333337,Women
23,131,131,131,23679,0.33181818181818185,Women
24,42,42,42,12694,0.33181818181818185,Women
25,20,20,20,1532,0.3253968253968253,Women
26,83,83,83,6253,0.32142857142857145,Men
27,243,243,243,8112,0.31666666666666665,Men
28,138,138,138,1980,0.3123376623376624,Men
29,154,154,154,9708,0.31025641025641026,Unisex
30,61,61,61,12224,0.30952380952380953,Men
31,125,125,125,23470,0.30952380952380953,Women
32,15,15,15,4781,0.30952380952380953,Women
33,5,5,5,1341,0.30952380952380953,Women
34,128,128,128,23486,0.3068181818181819,Women
35,135,135,135,189,0.3047619047619048,Men
36,37,37,37,11895,0.3047619047619048,Women
37,62,62,62,12809,0.3004329004329005,Men
38,2,2,2,523,0.29835164835164835,Women
39,165,165,165,22477,0.2976190476190476,Women
40,52,52,52,15843,0.29642857142857143,Men
41,176,176,176,3637,0.2956709956709957,Women
42,7,7,7,1560,0.2928571428571429,Women
43,240,240,240,7818,0.2825396825396825,Men
44,213,213,213,3910,0.2809523809523809,Men
45,202,202,202,15882,0.2777777777777778,Women
46,153,153,153,8113,0.2777777777777778,Unisex
47,22,22,22,2990,0.2761904761904762,Women
48,160,160,160,12552,0.275,Women
49,222,222,222,4722,0.26785714285714285,Men
50,182,182,182,8815,0.2630952380952381,Women
51,239,239,239,7679,0.2611111111111111,Men
52,122,122,122,20236,0.2547008547008547,Women
53,130,130,130,23589,0.25396825396825395,Women
54,206,206,206,2078,0.25396825396825395,Women
55,44,44,44,13983,0.2483516483516484,Women
56,24,24,24,1396,0.24285714285714285,Women
57,173,173,173,13966,0.24285714285714285,Women
58,11,11,11,4322,0.2380952380952381,Women
59,32,32,32,7566,0.2380952380952381,Women
60,215,215,215,4200,0.2380952380952381,Men
61,151,151,151,6226,0.2380952380952381,Unisex
62,140,140,140,4200,0.2380952380952381,Men
63,92,92,92,7002,0.2380952380952381,Men
64,214,214,214,4008,0.2337662337662338,Men
65,192,192,192,13846,0.2316849816849817,Women
66,190,190,190,13631,0.2316849816849817,Women
67,237,237,237,7430,0.2316849816849817,Men
68,80,80,80,2117,0.2261904761904762,Men
69,87,87,87,6483,0.2261904761904762,Men
70,1,1,1,439,0.22619047619047614,Women
71,148,148,148,5951,0.2252747252747253,Men
72,4,4,4,1010,0.225,Women
73,97,97,97,8152,0.22142857142857145,Men
74,48,48,48,15635,0.22142857142857145,Women
75,194,194,194,13951,0.22142857142857145,Women
76,34,34,34,9115,0.22142857142857145,Women
77,216,216,216,4219,0.22142857142857145,Men
78,146,146,146,5904,0.20952380952380956,Women
79,185,185,185,13362,0.20952380952380956,Women
80,115,115,115,21828,0.20952380952380956,Women
81,118,118,118,9808,0.20952380952380956,Women
82,196,196,196,14195,0.20952380952380956,Women
83,79,79,79,2034,0.20952380952380956,Men
84,166,166,166,1444,0.2083333333333333,Men
85,155,155,155,11344,0.2047619047619048,Men
86,197,197,197,14453,0.19642857142857145,Women
87,46,46,46,15529,0.1944444444444444,Women
88,145,145,145,4978,0.19166666666666668,Men
89,50,50,50,15705,0.18803418803418806,Men
90,99,99,99,13099,0.18333333333333332,Men
91,235,235,235,7278,0.18253968253968253,Men
92,204,204,204,285,0.18181818181818185,Women
93,246,246,246,9055,0.18181818181818185,Men
94,238,238,238,7444,0.17777777777777778,Men
95,100,100,100,13214,0.17777777777777778,Men
96,39,39,39,12249,0.17424242424242425,Women
97,178,178,178,4160,0.17424242424242425,Women
98,211,211,211,3658,0.17142857142857146,Women
99,33,33,33,8654,0.17142857142857146,Women
100,66,66,66,13044,0.17142857142857146,Men
101,199,199,199,14793,0.17142857142857146,Women
102,183,183,183,11862,0.17142857142857146,Women
103,81,81,81,6188,0.17142857142857146,Men
104,129,129,129,23489,0.16666666666666666,Women
105,236,236,236,7320,0.16666666666666666,Men
106,217,217,217,4300,0.16666666666666666,Men
107,30,30,30,5977,0.16233766233766234,Women
108,26,26,26,2026,0.16233766233766234,Women
109,195,195,195,14044,0.16233766233766234,Women
110,230,230,230,7071,0.1575757575757576,Men
111,96,96,96,7223,0.1575757575757576,Men
112,12,12,12,4398,0.15476190476190474,Women
113,227,227,227,6838,0.15476190476190474,Men
114,210,210,210,3488,0.15476190476190474,Women
115,209,209,209,3392,0.15476190476190474,Women
116,249,249,249,9785,0.15476190476190474,Men
117,95,95,95,7168,0.15476190476190474,Men
118,3,3,3,850,0.15000000000000002,Women
119,16,16,16,5084,0.15000000000000002,Women
120,200,200,200,15421,0.15000000000000002,Women
121,91,91,91,6944,0.15000000000000002,Men
122,114,114,114,21426,0.15000000000000002,Women
123,101,101,101,14108,0.15000000000000002,Men
124,102,102,102,14191,0.15000000000000002,Men
125,126,126,126,23471,0.15000000000000002,Women
126,137,137,137,581,0.15000000000000002,Women
127,150,150,150,6046,0.14835164835164835,Unisex
128,59,59,59,11767,0.14835164835164835,Men
129,127,127,127,23479,0.1435897435897436,Women
130,84,84,84,6309,0.14285714285714285,Men
131,179,179,179,4312,0.14285714285714285,Women
132,149,149,149,6008,0.14285714285714285,Unisex
133,225,225,225,6630,0.14285714285714285,Men
134,193,193,193,13931,0.14285714285714285,Women
135,75,75,75,20700,0.14285714285714285,Men
136,45,45,45,15470,0.14285714285714285,Women
137,57,57,57,349,0.1380952380952381,Men
138,58,58,58,837,0.1380952380952381,Men
139,86,86,86,6427,0.1380952380952381,Men
140,123,123,123,22632,0.1380952380952381,Women
141,181,181,181,8708,0.1380952380952381,Women
142,120,120,120,10833,0.1380952380952381,Women
143,162,162,162,22086,0.1380952380952381,Women
144,108,108,108,19889,0.1380952380952381,Men
145,142,142,142,4340,0.13333333333333336,Men
146,177,177,177,3702,0.13333333333333336,Women
147,228,228,228,6903,0.1111111111111111,Men
148,13,13,13,4492,0.1111111111111111,Women
149,248,248,248,9711,0.1111111111111111,Men
150,119,119,119,10726,0.1111111111111111,Women
151,121,121,121,12259,0.1111111111111111,Women
152,224,224,224,5942,0.1111111111111111,Men
153,143,143,143,4401,0.1111111111111111,Men
154,226,226,226,6783,0.1,Men
155,67,67,67,13064,0.1,Men
156,64,64,64,12927,0.1,Men
157,47,47,47,15587,0.09090909090909093,Women
158,167,167,167,5096,0.09090909090909093,Unisex
159,23,23,23,6931,0.09090909090909093,Women
160,38,38,38,12014,0.09090909090909093,Women
161,187,187,187,13410,0.08333333333333333,Women
162,205,205,205,514,0.08333333333333333,Women
163,49,49,49,15695,0.08333333333333333,Men
164,29,29,29,3615,0.08333333333333333,Women
165,170,170,170,8640,0.08333333333333333,Women
166,60,60,60,11776,0.08333333333333333,Men
167,109,109,109,20824,0.08333333333333333,Men
168,147,147,147,5939,0.08333333333333333,Women
169,14,14,14,4780,0.08333333333333333,Women
170,93,93,93,7058,0.08333333333333333,Men
171,104,104,104,16328,0.08333333333333333,Men
172,43,43,43,13030,0.08333333333333333,Women
173,94,94,94,7113,0.08333333333333333,Men
174,6,6,6,1454,0.07692307692307693,Women
175,124,124,124,22881,0.07692307692307693,Women
176,55,55,55,19139,0.07142857142857142,Men
177,219,219,219,4426,0.07142857142857142,Men
178,90,90,90,6889,0.07142857142857142,Men
179,70,70,70,18461,0.07142857142857142,Men
180,188,188,188,13562,0.07142857142857142,Women
181,201,201,201,15807,0.07142857142857142,Women
182,68,68,68,13122,0.07142857142857142,Men
183,207,207,207,2121,0.07142857142857142,Women
184,139,139,139,3950,0.07142857142857142,Men
185,189,189,189,13595,0.07142857142857142,Women
186,233,233,233,7160,0.07142857142857142,Men
187,21,21,21,1690,0.07142857142857142,Women
188,184,184,184,12078,0.07142857142857142,Women
189,245,245,245,8882,0.07142857142857142,Men
190,229,229,229,6991,0.07142857142857142,Men
191,98,98,98,10472,0.06666666666666668,Men
192,191,191,191,13723,0.06666666666666668,Women
193,25,25,25,1968,0.06666666666666668,Women
194,241,241,241,7830,0.06666666666666668,Men
195,74,74,74,20638,0.06666666666666668,Men
196,168,168,168,5420,0.06666666666666668,Women
197,247,247,247,9056,0.06666666666666668,Men
198,56,56,56,216,0.06666666666666668,Men
199,244,244,244,8528,0.0,Men
200,36,36,36,9364,0.0,Women
201,232,232,232,7155,0.0,Men
202,28,28,28,3156,0.0,Women
203,51,51,51,15763,0.0,Men
204,234,234,234,7220,0.0,Men
205,31,31,31,7316,0.0,Women
206,41,41,41,12691,0.0,Women
207,218,218,218,4308,0.0,Men
208,242,242,242,7990,0.0,Men
209,223,223,223,5665,0.0,Men
210,221,221,221,4561,0.0,Men
211,35,35,35,9211,0.0,Women
212,117,117,117,4414,0.0,Women
213,63,63,63,12869,0.0,Men
214,163,163,163,22137,0.0,Men
215,159,159,159,11658,0.0,Unisex
216,9,9,9,2157,0.0,Women
217,10,10,10,2432,0.0,Women
218,156,156,156,26789,0.0,Men
219,152,152,152,6810,0.0,Unisex
220,103,103,103,15230,0.0,Men
221,105,105,105,16683,0.0,Men
222,106,106,106,17957,0.0,Men
223,107,107,107,18029,0.0,Men
224,17,17,17,5143,0.0,Women
225,18,18,18,7878,0.0,Women
226,110,110,110,20922,0.0,Men
227,111,111,111,20973,0.0,Men
228,112,112,112,21019,0.0,Women
229,113,113,113,21022,0.0,Women
230,161,161,161,13484,0.0,Men
231,164,164,164,22196,0.0,Unisex
232,208,208,208,3155,0.0,Women
233,169,169,169,8431,0.0,Women
234,69,69,69,17746,0.0,Men
235,71,71,71,18519,0.0,Men
236,72,72,72,20468,0.0,Men
237,73,73,73,20539,0.0,Men
238,82,82,82,6248,0.0,Men
239,186,186,186,13366,0.0,Women
240,19,19,19,960,0.0,Women
241,85,85,85,6371,0.0,Men
242,180,180,180,7248,0.0,Women
243,88,88,88,6580,0.0,Men
244,8,8,8,2004,0.0,Women
245,174,174,174,3597,0.0,Women
246,89,89,89,6834,0.0,Men
247,172,172,172,9058,0.0,Women
248,171,171,171,8996,0.0,Women
249,141,141,141,4211,0.0,Men
